System ID	Database ID	Patient Number	Surname	First Name	Sex	Date Of Birth	Patient ID	Patient Code	SESSION_ID	SP	DP	MP	DATA_REV	DATETIME	MEDICATION	NOTES	OPERATOR	HEIGHT	WEIGHT	BODY_MASS_INDEX	SAMPLE_RATE	SUB_TYPE	P_MAX_DPDT	ED	QUALITY_ED	P_QC_PH	P_QC_PHV	P_QC_PLV	P_QC_DV	P_SP	P_DP	P_MEANP	P_T1	P_T2	P_AI	ED	CalcED	P_ESP	P_P1	P_P2	P_T1ED	P_T2ED	P_QUALITY_T1	P_QUALITY_T2	C_AP	C_MPS	C_MPD	C_TTI	C_DTI	C_SVI	HR	C_PERIOD	C_DD	C_ED_PERIOD	C_DD_PERIOD	C_PH	C_AGPH	C_AGPH_HR75	C_P1_HEIGHT	C_T1R	C_CO_TTIME	C_CO_AREA_A	C_CO_AREA_B	C_CO_AREA_C	C_CO_AREA_D	C_CO_MP_A	C_CO_MP_C	C_SP	C_DP	C_MEANP	C_T1	C_T2	C_AI	ED	CalcED	C_ESP	C_P1	C_P2	C_T1ED	C_T2ED	C_QUALITY_T1	C_QUALITY_T2
00516	DATA	3927	Kierzynka	Anna	FEMALE	14-12-1977	gin0038c		1	109	69	0	120	21-12-2011 13:19:38		gin0c		160	54	21,09	128	RADIAL	693	305	0	43	2	2	4	109	69	83	90	191	63	305	305	84	109	94	29	63	1	1	4	90	79	1913	3045	159	70	859	555	35	65	26	15	13	22	140	80	-9999	-9999	-9999	-9999	-9999	-9999	96	70	83	97	216	118	305	305	89	92	96	32	71	0	DUPA

PeriphSignal 	 CentralSignal 	 PeriphPulse 	 CentralPulse 
84,0	74,0	69,01	70,14
83,0	74,0	70,68	71,03
81,0	73,0	73,55	72,54
80,0	73,0	77,44	74,65
80,0	73,0	82,2	77,25
79,0	73,0	87,53	80,14
79,0	73,0	92,85	83,06
79,0	73,0	97,75	85,77
78,0	73,0	102,06	88,09
77,0	73,0	105,44	89,9
77,0	72,0	107,67	91,17
77,0	72,0	108,78	91,91
77,0	72,0	108,78	92,2
77,0	71,0	107,86	92,16
76,0	71,0	106,29	91,93
77,0	71,0	104,36	91,67
77,0	71,0	102,31	91,48
75,0	71,0	100,34	91,48
75,0	71,0	98,53	91,68
76,0	70,0	96,97	92,08
75,0	70,0	95,73	92,63
75,0	70,0	94,81	93,28
75,0	71,0	94,22	93,95
74,0	72,0	93,98	94,6
74,0	74,0	94,02	95,18
73,0	77,0	94,1	95,64
74,0	80,0	94,1	95,96
73,0	83,0	94,07	96,14
74,0	86,0	93,94	96,16
74,0	89,0	93,68	96,03
74,0	91,0	93,28	95,77
72,0	92,0	92,74	95,37
72,0	93,0	91,95	94,8
73,0	93,0	90,82	94,08
72,0	94,0	89,5	93,24
72,0	94,0	88,14	92,33
73,0	94,0	86,82	91,42
73,0	93,0	85,62	90,59
73,0	93,0	84,76	89,88
72,0	93,0	84,16	89,34
72,0	93,0	83,84	88,95
72,0	93,0	83,79	88,73
71,0	94,0	84,09	88,6
71,0	95,0	84,46	88,53
70,0	95,0	84,91	88,47
71,0	96,0	85,38	88,38
70,0	97,0	85,76	88,24
70,0	97,0	86,03	88,06
71,0	97,0	86,24	87,83
70,0	97,0	86,34	87,54
69,0	97,0	86,3	87,22
69,0	97,0	86,16	86,84
69,0	97,0	85,82	86,41
70,0	96,0	85,27	85,96
73,0	96,0	84,68	85,52
78,0	95,0	84,1	85,07
83,0	94,0	83,41	84,63
88,0	93,0	82,68	84,2
95,0	92,0	82,02	83,78
100,0	91,0	81,33	83,35
104,0	90,0	80,62	82,94
107,0	90,0	80,02	82,53
111,0	90,0	79,43	82,15
111,0	89,0	78,93	81,79
111,0	89,0	78,52	81,45
111,0	89,0	78,1	81,12
109,0	89,0	77,66	80,79
109,0	89,0	77,25	80,42
106,0	89,0	76,78	80,02
103,0	89,0	76,3	79,6
101,0	89,0	75,96	79,2
99,0	89,0	75,66	78,83
97,0	88,0	75,45	78,49
96,0	88,0	75,23	78,18
95,0	87,0	75,02	77,86
95,0	87,0	74,77	77,54
94,0	86,0	74,54	77,18
96,0	86,0	74,22	76,82
96,0	85,0	74,0	76,45
95,0	85,0	73,79	76,11
94,0	84,0	73,53	75,8
94,0	84,0	73,4	75,52
96,0	83,0	73,31	75,25
93,0	83,0	73,14	74,98
94,0	83,0	72,9	74,7
93,0	82,0	72,74	74,41
91,0	82,0	72,48	74,14
90,0	82,0	72,32	73,91
88,0	81,0	72,22	73,72
86,0	81,0	72,17	73,56
86,0	80,0	72,09	73,41
84,0	80,0	72,01	73,26
86,0	80,0	71,93	73,08
85,0	79,0	71,77	72,89
85,0	79,0	71,54	72,67
85,0	79,0	71,37	72,45
86,0	79,0	71,15	72,21
86,0	78,0	70,8	71,96
88,0	77,0	70,47	71,71
87,0	77,0	70,22	71,47
88,0	76,0	69,93	71,24
88,0	76,0	69,65	71,03
88,0	76,0	69,5	70,86
89,0	76,0	69,38	70,7
88,0	76,0	69,22	70,57
87,0	76,0	69,01	70,43
87,0	76,0	68,81	70,23
85,0	75,0	68,61	70,06
85,0	75,0	68,51	69,94
84,0	74,0	68,53	69,81
83,0	74,0	68,68	69,84
82,0	74,0
82,0	74,0
81,0	74,0
81,0	74,0
80,0	73,0
79,0	73,0
80,0	73,0
78,0	73,0
78,0	73,0
78,0	72,0
77,0	72,0
77,0	72,0
78,0	72,0
76,0	71,0
76,0	71,0
78,0	71,0
77,0	71,0
75,0	71,0
75,0	71,0
74,0	71,0
74,0	71,0
74,0	71,0
74,0	73,0
74,0	75,0
76,0	78,0
75,0	81,0
75,0	85,0
73,0	88,0
73,0	90,0
73,0	92,0
74,0	93,0
74,0	94,0
74,0	94,0
73,0	94,0
73,0	94,0
72,0	93,0
73,0	93,0
72,0	92,0
72,0	93,0
72,0	93,0
71,0	94,0
71,0	95,0
72,0	96,0
70,0	96,0
70,0	97,0
71,0	98,0
70,0	98,0
70,0	98,0
70,0	98,0
69,0	98,0
70,0	98,0
70,0	98,0
72,0	97,0
74,0	96,0
78,0	96,0
86,0	95,0
92,0	94,0
97,0	93,0
102,0	92,0
106,0	91,0
110,0	90,0
112,0	90,0
113,0	90,0
112,0	90,0
111,0	90,0
109,0	90,0
105,0	90,0
103,0	90,0
102,0	89,0
99,0	89,0
99,0	89,0
97,0	88,0
97,0	88,0
96,0	88,0
96,0	87,0
96,0	86,0
96,0	86,0
98,0	85,0
97,0	85,0
97,0	85,0
96,0	84,0
96,0	84,0
95,0	84,0
96,0	83,0
93,0	83,0
93,0	83,0
91,0	82,0
89,0	82,0
88,0	81,0
86,0	81,0
87,0	80,0
85,0	80,0
84,0	79,0
87,0	79,0
86,0	79,0
87,0	79,0
87,0	78,0
87,0	78,0
88,0	78,0
88,0	77,0
87,0	77,0
88,0	76,0
88,0	76,0
87,0	76,0
88,0	75,0
86,0	75,0
85,0	75,0
85,0	75,0
84,0	75,0
84,0	75,0
83,0	74,0
83,0	74,0
82,0	74,0
82,0	74,0
80,0	74,0
81,0	73,0
80,0	73,0
80,0	73,0
79,0	73,0
79,0	72,0
78,0	72,0
77,0	72,0
76,0	72,0
76,0	72,0
77,0	72,0
76,0	71,0
77,0	71,0
75,0	71,0
75,0	71,0
75,0	70,0
76,0	70,0
74,0	70,0
74,0	70,0
75,0	70,0
74,0	69,0
74,0	70,0
73,0	71,0
74,0	73,0
74,0	76,0
74,0	79,0
74,0	82,0
74,0	85,0
72,0	88,0
74,0	90,0
74,0	91,0
73,0	92,0
74,0	93,0
72,0	93,0
72,0	93,0
72,0	92,0
72,0	92,0
71,0	91,0
72,0	91,0
72,0	92,0
70,0	92,0
71,0	93,0
71,0	94,0
70,0	95,0
70,0	96,0
69,0	96,0
70,0	96,0
69,0	96,0
69,0	96,0
69,0	96,0
68,0	96,0
68,0	96,0
68,0	96,0
72,0	95,0
77,0	94,0
81,0	93,0
87,0	92,0
94,0	91,0
99,0	90,0
104,0	90,0
106,0	90,0
110,0	89,0
111,0	89,0
112,0	89,0
110,0	89,0
108,0	89,0
106,0	89,0
103,0	89,0
101,0	89,0
99,0	88,0
98,0	88,0
96,0	87,0
95,0	87,0
95,0	87,0
95,0	86,0
95,0	86,0
95,0	86,0
95,0	85,0
94,0	85,0
95,0	84,0
93,0	84,0
95,0	83,0
95,0	83,0
94,0	83,0
92,0	82,0
90,0	82,0
89,0	82,0
87,0	81,0
87,0	81,0
86,0	81,0
85,0	80,0
85,0	80,0
84,0	79,0
84,0	79,0
85,0	78,0
87,0	78,0
87,0	78,0
87,0	78,0
87,0	77,0
87,0	77,0
88,0	77,0
88,0	76,0
88,0	76,0
86,0	76,0
87,0	76,0
86,0	75,0
85,0	75,0
86,0	74,0
84,0	74,0
84,0	74,0
82,0	74,0
81,0	74,0
81,0	74,0
81,0	74,0
80,0	74,0
80,0	73,0
79,0	73,0
79,0	73,0
79,0	73,0
78,0	72,0
78,0	72,0
77,0	72,0
77,0	72,0
77,0	72,0
76,0	72,0
75,0	72,0
76,0	72,0
76,0	71,0
75,0	71,0
76,0	71,0
74,0	70,0
74,0	71,0
75,0	71,0
74,0	73,0
76,0	76,0
74,0	79,0
74,0	82,0
73,0	85,0
73,0	87,0
73,0	89,0
74,0	91,0
74,0	92,0
73,0	93,0
74,0	93,0
74,0	93,0
72,0	92,0
73,0	92,0
74,0	91,0
72,0	91,0
72,0	91,0
72,0	92,0
71,0	92,0
70,0	93,0
72,0	94,0
72,0	94,0
71,0	95,0
71,0	95,0
71,0	96,0
70,0	96,0
70,0	96,0
70,0	96,0
69,0	95,0
70,0	94,0
72,0	93,0
75,0	92,0
82,0	92,0
86,0	91,0
91,0	90,0
97,0	90,0
101,0	89,0
105,0	89,0
109,0	89,0
110,0	89,0
111,0	89,0
109,0	89,0
108,0	89,0
105,0	89,0
104,0	89,0
101,0	88,0
98,0	88,0
97,0	88,0
95,0	87,0
95,0	87,0
94,0	86,0
93,0	86,0
93,0	86,0
93,0	85,0
94,0	85,0
95,0	84,0
94,0	84,0
94,0	83,0
94,0	83,0
93,0	83,0
91,0	82,0
90,0	82,0
89,0	82,0
87,0	81,0
86,0	81,0
84,0	81,0
86,0	80,0
84,0	80,0
85,0	79,0
86,0	79,0
86,0	79,0
86,0	79,0
87,0	78,0
87,0	78,0
88,0	78,0
88,0	77,0
88,0	77,0
89,0	76,0
88,0	76,0
87,0	76,0
86,0	76,0
87,0	76,0
86,0	75,0
85,0	75,0
84,0	75,0
84,0	75,0
82,0	74,0
82,0	74,0
82,0	74,0
80,0	74,0
80,0	74,0
80,0	73,0
79,0	73,0
78,0	73,0
79,0	73,0
79,0	72,0
77,0	72,0
77,0	72,0
77,0	72,0
76,0	71,0
76,0	71,0
77,0	71,0
76,0	71,0
77,0	72,0
75,0	73,0
76,0	75,0
76,0	78,0
75,0	81,0
74,0	84,0
75,0	87,0
75,0	89,0
75,0	92,0
75,0	93,0
74,0	94,0
74,0	94,0
73,0	94,0
74,0	94,0
74,0	93,0
74,0	93,0
73,0	93,0
74,0	93,0
73,0	94,0
72,0	95,0
73,0	96,0
72,0	96,0
71,0	97,0
72,0	98,0
71,0	98,0
70,0	98,0
70,0	98,0
71,0	98,0
70,0	98,0
70,0	98,0
70,0	98,0
71,0	97,0
73,0	97,0
79,0	96,0
84,0	95,0
89,0	94,0
95,0	93,0
100,0	92,0
106,0	91,0
108,0	91,0
112,0	90,0
112,0	90,0
112,0	90,0
111,0	90,0
109,0	90,0
107,0	90,0
105,0	90,0
103,0	90,0
102,0	89,0
99,0	89,0
100,0	89,0
98,0	89,0
98,0	88,0
96,0	88,0
98,0	87,0
98,0	87,0
98,0	86,0
95,0	86,0
96,0	85,0
97,0	85,0
97,0	84,0
95,0	84,0
94,0	84,0
94,0	83,0
93,0	83,0
90,0	83,0
90,0	83,0
87,0	82,0
87,0	82,0
87,0	81,0
85,0	80,0
85,0	80,0
85,0	80,0
87,0	80,0
87,0	79,0
88,0	79,0
87,0	79,0
87,0	78,0
87,0	78,0
90,0	78,0
88,0	77,0
88,0	77,0
89,0	77,0
89,0	76,0
87,0	76,0
86,0	76,0
87,0	75,0
86,0	75,0
85,0	75,0
83,0	75,0
84,0	75,0
82,0	75,0
82,0	74,0
81,0	74,0
81,0	74,0
81,0	74,0
80,0	74,0
80,0	73,0
79,0	73,0
78,0	73,0
78,0	73,0
77,0	73,0
77,0	72,0
78,0	72,0
77,0	72,0
76,0	71,0
77,0	71,0
77,0	71,0
77,0	71,0
75,0	71,0
76,0	71,0
76,0	71,0
75,0	73,0
75,0	75,0
74,0	78,0
74,0	81,0
74,0	84,0
75,0	87,0
73,0	90,0
74,0	92,0
74,0	93,0
74,0	94,0
74,0	94,0
73,0	94,0
73,0	93,0
73,0	93,0
73,0	93,0
74,0	93,0
73,0	93,0
72,0	94,0
72,0	94,0
72,0	95,0
73,0	96,0
71,0	96,0
72,0	97,0
70,0	98,0
70,0	98,0
70,0	99,0
70,0	98,0
69,0	98,0
69,0	98,0
70,0	98,0
71,0	97,0
74,0	97,0
78,0	96,0
84,0	95,0
90,0	94,0
95,0	93,0
102,0	92,0
105,0	91,0
110,0	90,0
112,0	90,0
112,0	90,0
111,0	90,0
111,0	90,0
109,0	90,0
106,0	90,0
104,0	90,0
103,0	90,0
100,0	90,0
100,0	89,0
98,0	89,0
96,0	88,0
97,0	87,0
96,0	87,0
96,0	86,0
98,0	86,0
98,0	86,0
98,0	85,0
96,0	85,0
96,0	84,0
97,0	84,0
96,0	83,0
95,0	83,0
94,0	83,0
93,0	82,0
92,0	82,0
89,0	82,0
88,0	81,0
86,0	81,0
86,0	81,0
85,0	80,0
84,0	80,0
86,0	80,0
85,0	79,0
87,0	79,0
88,0	78,0
87,0	78,0
88,0	78,0
88,0	77,0
89,0	77,0
89,0	76,0
89,0	76,0
87,0	76,0
86,0	76,0
86,0	76,0
85,0	75,0
86,0	75,0
85,0	75,0
83,0	74,0
83,0	74,0
83,0	74,0
81,0	74,0
81,0	74,0
81,0	74,0
79,0	73,0
80,0	73,0
80,0	73,0
79,0	72,0
79,0	72,0
77,0	72,0
78,0	72,0
78,0	72,0
77,0	71,0
78,0	71,0
76,0	71,0
76,0	71,0
76,0	71,0
76,0	71,0
76,0	70,0
75,0	70,0
75,0	69,0
74,0	69,0
74,0	69,0
76,0	69,0
75,0	70,0
74,0	71,0
73,0	72,0
73,0	75,0
73,0	78,0
74,0	81,0
73,0	84,0
74,0	87,0
72,0	90,0
74,0	91,0
73,0	92,0
72,0	92,0
72,0	92,0
72,0	92,0
72,0	91,0
71,0	91,0
70,0	90,0
71,0	91,0
70,0	91,0
71,0	91,0
69,0	92,0
71,0	93,0
71,0	94,0
71,0	94,0
70,0	95,0
68,0	95,0
68,0	95,0
69,0	95,0
68,0	95,0
69,0	95,0
68,0	95,0
69,0	94,0
72,0	94,0
74,0	93,0
79,0	92,0
86,0	91,0
92,0	90,0
97,0	89,0
102,0	89,0
106,0	88,0
110,0	88,0
111,0	88,0
110,0	88,0
109,0	88,0
107,0	88,0
105,0	88,0
102,0	88,0
100,0	88,0
98,0	87,0
97,0	87,0
95,0	87,0
94,0	86,0
94,0	86,0
93,0	85,0
93,0	85,0
93,0	85,0
93,0	84,0
93,0	84,0
94,0	84,0
93,0	83,0
93,0	83,0
93,0	83,0
93,0	82,0
90,0	82,0
89,0	81,0
88,0	81,0
87,0	81,0
86,0	81,0
84,0	80,0
84,0	80,0
83,0	79,0
85,0	79,0
85,0	79,0
85,0	78,0
84,0	78,0
87,0	78,0
86,0	78,0
87,0	77,0
87,0	77,0
87,0	77,0
87,0	76,0
88,0	76,0
87,0	76,0
85,0	75,0
85,0	75,0
85,0	75,0
84,0	74,0
83,0	74,0
83,0	74,0
81,0	74,0
82,0	74,0
81,0	74,0
81,0	73,0
80,0	73,0
79,0	73,0
78,0	73,0
78,0	73,0
79,0	73,0
78,0	72,0
78,0	72,0
76,0	72,0
77,0	72,0
76,0	71,0
77,0	71,0
76,0	71,0
76,0	71,0
76,0	71,0
76,0	70,0
75,0	70,0
75,0	71,0
75,0	72,0
76,0	74,0
74,0	77,0
74,0	79,0
74,0	82,0
73,0	85,0
74,0	88,0
73,0	90,0
73,0	92,0
74,0	93,0
73,0	93,0
73,0	93,0
72,0	93,0
72,0	92,0
73,0	92,0
74,0	91,0
72,0	91,0
73,0	92,0
72,0	92,0
71,0	93,0
72,0	94,0
71,0	94,0
71,0	95,0
70,0	96,0
71,0	96,0
71,0	96,0
70,0	96,0
70,0	96,0
69,0	96,0
69,0	96,0
70,0	95,0
73,0	95,0
77,0	93,0
82,0	92,0
88,0	91,0
92,0	90,0
98,0	90,0
103,0	89,0
107,0	89,0
110,0	89,0
110,0	89,0
112,0	89,0
110,0	89,0
108,0	89,0
106,0	89,0
102,0	88,0
101,0	88,0
99,0	88,0
97,0	87,0
95,0	87,0
94,0	87,0
93,0	86,0
95,0	86,0
95,0	85,0
94,0	85,0
94,0	84,0
95,0	84,0
94,0	84,0
95,0	83,0
94,0	83,0
94,0	83,0
93,0	82,0
92,0	82,0
90,0	81,0
87,0	81,0
87,0	81,0
86,0	80,0
85,0	80,0
84,0	80,0
85,0	79,0
84,0	79,0
84,0	78,0
86,0	78,0
87,0	78,0
86,0	78,0
87,0	77,0
87,0	77,0
87,0	77,0
87,0	76,0
87,0	76,0
87,0	76,0
87,0	76,0
86,0	75,0
85,0	75,0
85,0	74,0
83,0	74,0
84,0	74,0
82,0	74,0
82,0	74,0
81,0	74,0
81,0	73,0
80,0	73,0
80,0	73,0
78,0	73,0
79,0	73,0
79,0	73,0
78,0	72,0
77,0	72,0
78,0	72,0
77,0	71,0
76,0	71,0
77,0	71,0
75,0	71,0
76,0	71,0
75,0	70,0
76,0	70,0
75,0	70,0
75,0	71,0
74,0	73,0
76,0	75,0
75,0	78,0
75,0	81,0
74,0	84,0
73,0	87,0
73,0	90,0
73,0	92,0
74,0	93,0
73,0	93,0
72,0	93,0
73,0	93,0
73,0	93,0
72,0	92,0
73,0	92,0
73,0	92,0
72,0	92,0
72,0	93,0
72,0	94,0
72,0	94,0
71,0	95,0
70,0	96,0
71,0	97,0
70,0	97,0
70,0	98,0
70,0	98,0
69,0	98,0
70,0	98,0
68,0	97,0
69,0	97,0
72,0	97,0
74,0	96,0
79,0	95,0
84,0	94,0
91,0	93,0
97,0	92,0
101,0	91,0
107,0	90,0
110,0	90,0
111,0	90,0
111,0	90,0
112,0	90,0
109,0	90,0
107,0	90,0
105,0	89,0
103,0	89,0
100,0	89,0
100,0	89,0
98,0	88,0
97,0	88,0
96,0	87,0
95,0	87,0
96,0	87,0
97,0	87,0
96,0	86,0
97,0	86,0
96,0	85,0
96,0	84,0
97,0	84,0
96,0	83,0
95,0	83,0
95,0	83,0
94,0	83,0
92,0	82,0
90,0	82,0
89,0	81,0
89,0	81,0
86,0	81,0
85,0	80,0
84,0	80,0
86,0	80,0
84,0	80,0
86,0	79,0
86,0	79,0
87,0	78,0
86,0	78,0
88,0	77,0
87,0	77,0
88,0	77,0
87,0	77,0
88,0	76,0
87,0	76,0
86,0	76,0
87,0	76,0
87,0	76,0
85,0	75,0
84,0	75,0
84,0	75,0
83,0	75,0
82,0	74,0
81,0	74,0
81,0	74,0
80,0	74,0
80,0	74,0
81,0	73,0
79,0	73,0
79,0	73,0
77,0	73,0
78,0	72,0
77,0	72,0
77,0	72,0
78,0	72,0
77,0	72,0
77,0	71,0
76,0	71,0
75,0	71,0
77,0	71,0
75,0	70,0
75,0	70,0
76,0	71,0
75,0	72,0
74,0	74,0
74,0	77,0
75,0	80,0
75,0	84,0
74,0	87,0
75,0	89,0
74,0	91,0
74,0	92,0
74,0	93,0
74,0	94,0
73,0	93,0
73,0	93,0
74,0	92,0
74,0	92,0
72,0	92,0
72,0	92,0
72,0	92,0
72,0	93,0
71,0	94,0
71,0	95,0
70,0	95,0
71,0	96,0
70,0	97,0
71,0	97,0
70,0	98,0
69,0	98,0
69,0	98,0
70,0	97,0
69,0	96,0
70,0	96,0
74,0	95,0
78,0	94,0
83,0	93,0
90,0	92,0
96,0	92,0
101,0	91,0
105,0	90,0
108,0	90,0
110,0	90,0
111,0	90,0
112,0	89,0
111,0	89,0
107,0	89,0
105,0	89,0
103,0	88,0
101,0	88,0
99,0	88,0
97,0	88,0
96,0	88,0
96,0	87,0
95,0	87,0
94,0	86,0
95,0	86,0
96,0	86,0
96,0	85,0
97,0	85,0
97,0	84,0
97,0	84,0
95,0	83,0
94,0	83,0
93,0	82,0
92,0	82,0
91,0	82,0
88,0	81,0
88,0	81,0
87,0	81,0
86,0	80,0
85,0	80,0
86,0	79,0
85,0	79,0
86,0	79,0
85,0	78,0
85,0	78,0
86,0	78,0
86,0	77,0
87,0	77,0
87,0	76,0
88,0	76,0
87,0	75,0
87,0	75,0
87,0	75,0
87,0	75,0
85,0	75,0
86,0	75,0
84,0	75,0
85,0	74,0
83,0	74,0
83,0	74,0
81,0	73,0
81,0	73,0
81,0	73,0
80,0	73,0
79,0	72,0
79,0	72,0
79,0	72,0
78,0	72,0
78,0	72,0
77,0	72,0
76,0	71,0
77,0	71,0
76,0	71,0
75,0	71,0
76,0	71,0
76,0	70,0
75,0
74,0
75,0
74,0
73,0
74,0
73,0
73,0
74,0
75,0
75,0
73,0
74,0
73,0
73,0
73,0
72,0
72,0
72,0
72,0
71,0
71,0
72,0
71,0
70,0
70,0
70,0
71,0
71,0
69,0
70,0
68,0
69,0
